Frequency (Hz)	Level (dB)
43.066406	-47.109070
86.132812	-46.566853
129.199219	-46.020348
172.265625	-45.998497
215.332031	-47.990879
258.398438	-49.797043
301.464844	-46.806606
344.531250	-36.318954
387.597656	-30.967684
430.664062	-32.114162
473.730469	-39.905495
516.796875	-51.450180
559.863281	-55.644661
602.929688	-59.024529
645.996094	-61.080231
689.062500	-62.545780
732.128906	-62.459469
775.195312	-60.930607
818.261719	-60.599796
861.328125	-61.739815
904.394531	-62.436100
947.460938	-62.983280
990.527344	-64.352562
1033.593750	-50.949566
1076.660156	-33.027771
1119.726562	-24.125425
1162.792969	-22.120165
1205.859375	-26.610121
1248.925781	-38.522224
1291.992188	-59.450676
1335.058594	-64.882996
1378.125000	-65.943741
1421.191406	-66.415260
1464.257812	-67.365746
1507.324219	-67.654373
1550.390625	-67.200829
1593.457031	-67.946854
1636.523438	-69.809387
1679.589844	-70.115067
1722.656250	-68.717857
1765.722656	-67.552811
1808.789062	-68.825905
1851.855469	-70.574593
1894.921875	-71.429649
1937.988281	-71.339409
1981.054688	-70.830467
2024.121094	-69.454132
2067.187500	-48.128147
2110.253906	-34.360554
2153.320312	-28.650473
2196.386719	-29.668537
2239.453125	-37.621655
2282.519531	-53.356728
2325.585938	-57.196598
2368.652344	-60.701572
2411.718750	-67.522751
2454.785156	-70.478424
2497.851562	-70.992790
2540.917969	-69.730865
2583.984375	-70.118248
2627.050781	-71.208099
2670.117188	-70.290283
2713.183594	-67.929131
2756.250000	-66.868996
2799.316406	-66.305550
2842.382812	-66.312019
2885.449219	-66.188210
2928.515625	-63.595650
2971.582031	-63.097645
3014.648438	-65.769615
3057.714844	-66.563004
3100.781250	-67.238556
3143.847656	-68.669022
3186.914062	-69.484558
3229.980469	-67.955559
3273.046875	-61.076469
3316.113281	-50.195835
3359.179688	-45.208797
3402.246094	-46.522987
3445.312500	-54.198471
3488.378906	-67.779907
3531.445312	-72.445129
3574.511719	-71.041832
3617.578125	-70.007172
3660.644531	-70.194633
3703.710938	-70.525581
3746.777344	-69.342781
3789.843750	-68.355110
3832.910156	-68.707031
3875.976562	-69.736748
3919.042969	-70.852661
3962.109375	-71.036163
4005.175781	-70.809593
4048.242188	-69.640350
4091.308594	-68.652718
4134.375000	-67.227318
4177.441406	-65.038605
4220.507812	-64.306221
4263.574219	-65.578300
4306.640625	-65.870422
4349.707031	-64.551422
4392.773438	-63.841492
4435.839844	-65.589836
4478.906250	-68.198311
4521.972656	-69.047554
4565.039062	-69.913841
4608.105469	-71.715584
4651.171875	-72.779312
4694.238281	-73.002213
4737.304688	-71.509636
4780.371094	-70.223206
4823.437500	-70.819283
4866.503906	-71.453743
4909.570312	-71.303558
4952.636719	-70.669662
4995.703125	-70.501595
5038.769531	-70.326111
5081.835938	-69.923607
5124.902344	-69.877029
5167.968750	-69.859024
5211.035156	-69.734428
5254.101562	-69.603722
5297.167969	-69.212906
5340.234375	-68.443672
5383.300781	-68.591522
5426.367188	-69.577118
5469.433594	-69.857986
5512.500000	-70.267967
5555.566406	-70.429581
5598.632812	-70.234421
5641.699219	-70.796661
5684.765625	-71.184013
5727.832031	-70.745796
5770.898438	-69.932236
5813.964844	-70.403488
5857.031250	-71.426834
5900.097656	-72.218094
5943.164062	-72.596649
5986.230469	-73.180054
6029.296875	-73.313560
6072.363281	-72.280197
6115.429688	-71.503357
6158.496094	-70.950203
6201.562500	-71.287651
6244.628906	-72.133621
6287.695312	-72.644829
6330.761719	-73.522469
6373.828125	-73.858322
6416.894531	-75.303276
6459.960938	-76.008247
6503.027344	-75.498734
6546.093750	-74.749985
6589.160156	-73.960617
6632.226562	-73.579903
6675.292969	-73.723282
6718.359375	-73.738991
6761.425781	-72.246361
6804.492188	-71.235985
6847.558594	-71.668365
6890.625000	-72.126755
6933.691406	-73.163940
6976.757812	-73.015007
7019.824219	-72.174210
7062.890625	-71.678055
7105.957031	-72.149536
7149.023438	-73.219940
7192.089844	-74.461388
7235.156250	-75.325043
7278.222656	-72.829056
7321.289062	-69.751030
7364.355469	-69.690750
7407.421875	-72.814720
7450.488281	-74.189835
7493.554688	-74.328247
7536.621094	-73.149918
7579.687500	-72.031456
7622.753906	-72.521370
7665.820312	-73.336838
7708.886719	-72.219635
7751.953125	-71.070320
7795.019531	-70.018570
7838.085938	-70.279663
7881.152344	-71.006340
7924.218750	-71.051392
7967.285156	-72.103699
8010.351562	-73.066208
8053.417969	-73.240295
8096.484375	-74.408569
8139.550781	-75.255493
8182.617188	-73.520920
8225.683594	-72.609940
8268.750000	-73.701630
8311.816406	-73.835640
8354.882812	-71.901604
8397.949219	-69.751350
8441.015625	-69.242393
8484.082031	-70.247726
8527.148438	-71.289780
8570.214844	-71.344536
8613.281250	-71.826187
8656.347656	-73.325523
8699.414062	-73.468742
8742.480469	-71.842590
8785.546875	-71.271591
8828.613281	-70.213295
8871.679688	-69.568329
8914.746094	-70.345650
8957.812500	-71.552803
9000.878906	-71.632301
9043.945312	-71.549210
9087.011719	-72.720398
9130.078125	-73.751060
9173.144531	-74.182480
9216.210938	-74.600876
9259.277344	-75.450096
9302.343750	-75.702446
9345.410156	-75.691559
9388.476562	-75.924316
9431.542969	-75.686249
9474.609375	-75.001808
9517.675781	-75.382622
9560.742188	-76.671730
9603.808594	-77.216187
9646.875000	-77.349426
9689.941406	-77.426353
9733.007812	-76.894119
9776.074219	-75.957680
9819.140625	-76.127327
9862.207031	-77.496521
9905.273438	-78.306091
9948.339844	-78.324280
9991.406250	-78.616539
10034.472656	-79.245415
10077.539062	-78.058884
10120.605469	-77.615829
10163.671875	-78.900063
10206.738281	-79.900780
10249.804688	-79.682701
10292.871094	-78.213989
10335.937500	-76.945923
10379.003906	-76.550804
10422.070312	-77.610725
10465.136719	-78.879921
10508.203125	-79.167793
10551.269531	-80.232201
10594.335938	-80.498238
10637.402344	-80.286957
10680.468750	-80.196068
10723.535156	-79.848465
10766.601562	-80.298737
10809.667969	-81.252991
10852.734375	-80.540878
10895.800781	-80.041054
10938.867188	-80.235207
10981.933594	-79.500252
11025.000000	-78.703239
11068.066406	-77.905891
11111.132812	-77.317841
11154.199219	-77.851913
11197.265625	-79.610741
11240.332031	-81.645050
11283.398438	-82.446533
11326.464844	-82.332840
11369.531250	-81.716110
11412.597656	-81.343613
11455.664062	-81.322830
11498.730469	-80.943146
11541.796875	-80.907600
11584.863281	-81.815765
11627.929688	-81.995827
11670.996094	-81.470085
11714.062500	-82.101608
11757.128906	-82.356895
11800.195312	-82.147354
11843.261719	-81.851120
11886.328125	-81.120537
11929.394531	-79.979195
11972.460938	-80.110313
12015.527344	-80.917122
12058.593750	-81.184807
12101.660156	-81.505066
12144.726562	-82.276352
12187.792969	-82.101608
12230.859375	-81.319435
12273.925781	-80.887260
12316.992188	-81.335739
12360.058594	-80.878494
12403.125000	-80.830307
12446.191406	-81.513992
12489.257812	-81.506187
12532.324219	-81.824814
12575.390625	-82.457581
12618.457031	-82.114723
12661.523438	-81.949623
12704.589844	-81.888245
12747.656250	-81.648003
12790.722656	-81.838272
12833.789062	-81.553848
12876.855469	-81.041672
12919.921875	-80.401360
12962.988281	-79.982521
13006.054688	-79.943489
13049.121094	-80.375916
13092.187500	-81.234924
13135.253906	-82.000679
13178.320312	-81.884239
13221.386719	-81.065331
13264.453125	-80.843636
13307.519531	-81.429016
13350.585938	-81.546844
13393.652344	-81.595596
13436.718750	-81.124252
13479.785156	-81.158424
13522.851562	-81.933296
13565.917969	-82.447754
13608.984375	-82.628159
13652.050781	-82.525429
13695.117188	-82.218689
13738.183594	-81.981651
13781.250000	-81.925034
13824.316406	-82.053612
13867.382812	-82.384499
13910.449219	-82.680229
13953.515625	-82.379807
13996.582031	-82.032097
14039.648438	-82.161575
14082.714844	-81.785683
14125.781250	-80.908920
14168.847656	-81.061577
14211.914062	-81.576424
14254.980469	-81.421379
14298.046875	-81.815445
14341.113281	-82.093285
14384.179688	-81.958633
14427.246094	-81.512527
14470.312500	-81.280022
14513.378906	-81.033981
14556.445312	-81.190231
14599.511719	-81.560867
14642.578125	-81.738586
14685.644531	-82.364670
14728.710938	-82.593559
14771.777344	-81.989792
14814.843750	-81.566086
14857.910156	-82.019753
14900.976562	-82.611473
14944.042969	-82.596130
14987.109375	-82.459831
15030.175781	-82.653030
15073.242188	-82.702751
15116.308594	-82.910255
15159.375000	-82.976898
15202.441406	-82.734642
15245.507812	-82.715096
15288.574219	-82.606682
15331.640625	-81.861351
15374.707031	-81.558678
15417.773438	-81.828300
15460.839844	-82.306137
15503.906250	-82.683075
15546.972656	-82.184654
15590.039062	-81.324059
15633.105469	-80.656273
15676.171875	-80.544525
15719.238281	-81.696686
15762.304688	-82.437904
15805.371094	-82.009781
15848.437500	-81.636887
15891.503906	-81.245407
15934.570312	-81.258087
15977.636719	-81.729858
16020.703125	-82.175232
16063.769531	-82.281044
16106.835938	-82.111656
16149.902344	-81.969490
16192.968750	-81.872841
16236.035156	-81.965668
16279.101562	-82.052887
16322.167969	-81.938591
16365.234375	-81.850655
16408.300781	-82.275772
16451.367188	-82.081108
16494.433594	-81.596855
16537.500000	-81.447983
16580.566406	-81.582458
16623.632812	-82.069527
16666.699219	-82.256393
16709.765625	-81.908890
16752.832031	-81.550667
16795.898438	-81.104553
16838.964844	-80.805450
16882.031250	-81.079735
16925.097656	-81.675072
16968.164062	-82.211456
17011.230469	-82.162598
17054.296875	-81.840660
17097.363281	-81.698570
17140.429688	-81.703491
17183.496094	-81.594482
17226.562500	-81.651077
17269.628906	-81.849106
17312.695312	-81.962402
17355.761719	-81.882462
17398.828125	-81.865707
17441.894531	-82.114502
17484.960938	-82.244995
17528.027344	-82.060997
17571.093750	-81.638031
17614.160156	-81.323692
17657.226562	-81.434540
17700.292969	-81.842323
17743.359375	-82.039116
17786.425781	-82.026505
17829.492188	-81.659798
17872.558594	-80.728607
17915.625000	-79.421059
17958.691406	-78.002113
18001.757812	-77.141144
18044.824219	-77.617798
18087.890625	-79.001328
18130.957031	-80.243546
18174.023438	-81.265152
18217.089844	-81.889580
18260.156250	-82.012390
18303.222656	-81.831589
18346.289062	-81.564468
18389.355469	-81.265747
18432.421875	-81.247963
18475.488281	-81.356262
18518.554688	-81.742455
18561.621094	-82.224327
18604.687500	-82.137535
18647.753906	-81.779083
18690.820312	-81.601349
18733.886719	-81.562958
18776.953125	-81.391159
18820.019531	-81.556602
18863.085938	-81.824692
18906.152344	-81.908478
18949.218750	-81.860710
18992.285156	-81.773872
19035.351562	-81.560707
19078.417969	-81.041656
19121.484375	-80.179207
19164.550781	-78.974693
19207.617188	-78.701591
19250.683594	-80.394875
19293.750000	-81.651535
19336.816406	-82.024384
19379.882812	-82.341789
19422.949219	-82.286041
19466.015625	-81.910416
19509.082031	-81.734192
19552.148438	-81.587135
19595.214844	-81.688385
19638.281250	-82.197884
19681.347656	-82.506996
19724.414062	-82.316605
19767.480469	-82.412430
19810.546875	-82.633743
19853.613281	-82.437080
19896.679688	-81.702286
19939.746094	-81.357887
19982.812500	-81.738174
20025.878906	-82.223068
20068.945312	-82.561638
20112.011719	-82.824287
20155.078125	-82.890053
20198.144531	-82.781029
20241.210938	-82.667221
20284.277344	-82.457695
20327.343750	-82.309631
20370.410156	-82.517380
20413.476562	-82.751213
20456.542969	-82.758987
20499.609375	-83.028961
20542.675781	-83.279869
20585.742188	-83.521645
20628.808594	-83.595909
20671.875000	-83.468651
20714.941406	-83.388863
20758.007812	-83.458626
20801.074219	-83.808182
20844.140625	-84.027382
20887.207031	-83.813385
20930.273438	-83.480980
20973.339844	-83.561195
21016.406250	-83.870407
21059.472656	-83.909508
21102.539062	-83.901695
21145.605469	-84.081146
21188.671875	-84.087250
21231.738281	-84.095306
21274.804688	-84.302155
21317.871094	-84.347580
21360.937500	-84.484497
21404.003906	-84.464386
21447.070312	-84.265411
21490.136719	-84.190971
21533.203125	-83.933510
21576.269531	-83.880875
21619.335938	-84.039505
21662.402344	-84.551491
21705.468750	-84.539108
21748.535156	-84.323212
21791.601562	-84.663567
21834.667969	-84.821846
21877.734375	-84.598999
21920.800781	-84.520836
21963.867188	-84.403511
22006.933594	-84.217453
